(kicad_pcb (version 20171130) (host pcbnew 5.0.2-bee76a0~70~ubuntu16.04.1)

  (general
    (thickness 1.6)
    (drawings 8)
    (tracks 225)
    (zones 0)
    (modules 27)
    (nets 56)
  )

  (page A4)
  (layers
    (0 F.Cu signal)
    (31 B.Cu signal)
    (32 B.Adhes user)
    (33 F.Adhes user)
    (34 B.Paste user)
    (35 F.Paste user)
    (36 B.SilkS user)
    (37 F.SilkS user)
    (38 B.Mask user)
    (39 F.Mask user)
    (40 Dwgs.User user)
    (41 Cmts.User user)
    (42 Eco1.User user)
    (43 Eco2.User user)
    (44 Edge.Cuts user)
    (45 Margin user)
    (46 B.CrtYd user)
    (47 F.CrtYd user)
    (48 B.Fab user)
    (49 F.Fab user)
  )

  (setup
    (last_trace_width 0.25)
    (user_trace_width 0.4)
    (trace_clearance 0.2)
    (zone_clearance 0.508)
    (zone_45_only no)
    (trace_min 0.2)
    (segment_width 0.2)
    (edge_width 0.15)
    (via_size 0.8)
    (via_drill 0.4)
    (via_min_size 0.4)
    (via_min_drill 0.3)
    (uvia_size 0.3)
    (uvia_drill 0.1)
    (uvias_allowed no)
    (uvia_min_size 0.2)
    (uvia_min_drill 0.1)
    (pcb_text_width 0.3)
    (pcb_text_size 1.5 1.5)
    (mod_edge_width 0.15)
    (mod_text_size 1 1)
    (mod_text_width 0.15)
    (pad_size 3 3)
    (pad_drill 3)
    (pad_to_mask_clearance 0.051)
    (solder_mask_min_width 0.25)
    (aux_axis_origin 0 0)
    (visible_elements FFFFFF7F)
    (pcbplotparams
      (layerselection 0x210fc_ffffffff)
      (usegerberextensions true)
      (usegerberattributes false)
      (usegerberadvancedattributes false)
      (creategerberjobfile false)
      (excludeedgelayer true)
      (linewidth 0.100000)
      (plotframeref false)
      (viasonmask false)
      (mode 1)
      (useauxorigin false)
      (hpglpennumber 1)
      (hpglpenspeed 20)
      (hpglpendiameter 15.000000)
      (psnegative false)
      (psa4output false)
      (plotreference true)
      (plotvalue true)
      (plotinvisibletext false)
      (padsonsilk false)
      (subtractmaskfromsilk false)
      (outputformat 1)
      (mirror false)
      (drillshape 0)
      (scaleselection 1)
      (outputdirectory "Gerbers/"))
  )

  (net 0 "")
  (net 1 BatteryPower)
  (net 2 GND)
  (net 3 SelectedPower)
  (net 4 "Net-(C2-Pad2)")
  (net 5 "Net-(C2-Pad1)")
  (net 6 3_3V)
  (net 7 "Net-(C5-Pad1)")
  (net 8 "Net-(C5-Pad2)")
  (net 9 "Net-(C6-Pad2)")
  (net 10 "Net-(C7-Pad2)")
  (net 11 VBUS)
  (net 12 "Net-(D2-Pad1)")
  (net 13 "Net-(J1-Pad2)")
  (net 14 "Net-(J1-Pad3)")
  (net 15 "Net-(J1-Pad4)")
  (net 16 "Net-(J2-Pad2)")
  (net 17 "Net-(J2-Pad3)")
  (net 18 "Net-(J2-Pad4)")
  (net 19 "Net-(J2-Pad6)")
  (net 20 "Net-(J2-Pad7)")
  (net 21 "Net-(J2-Pad8)")
  (net 22 "Net-(J2-Pad9)")
  (net 23 "Net-(R2-Pad2)")
  (net 24 "Net-(R4-Pad1)")
  (net 25 "Net-(U1-Pad1)")
  (net 26 "Net-(U1-Pad2)")
  (net 27 "Net-(U1-Pad3)")
  (net 28 "Net-(U1-Pad4)")
  (net 29 "Net-(U1-Pad5)")
  (net 30 "Net-(U1-Pad6)")
  (net 31 "Net-(U1-Pad7)")
  (net 32 "Net-(U1-Pad8)")
  (net 33 "Net-(U1-Pad9)")
  (net 34 "Net-(U1-Pad10)")
  (net 35 "Net-(U1-Pad11)")
  (net 36 "Net-(U1-Pad15)")
  (net 37 "Net-(U1-Pad16)")
  (net 38 "Net-(U1-Pad17)")
  (net 39 "Net-(U1-Pad19)")
  (net 40 "Net-(U1-Pad20)")
  (net 41 "Net-(U1-Pad21)")
  (net 42 "Net-(U1-Pad22)")
  (net 43 "Net-(U1-Pad24)")
  (net 44 "Net-(U1-Pad25)")
  (net 45 "Net-(U1-Pad26)")
  (net 46 "Net-(U2-Pad4)")
  (net 47 "Net-(U3-Pad11)")
  (net 48 "Net-(U3-Pad12)")
  (net 49 "Net-(U3-Pad13)")
  (net 50 "Net-(U3-Pad14)")
  (net 51 LED)
  (net 52 "Net-(D2-Pad3)")
  (net 53 "Net-(R5-Pad1)")
  (net 54 CEN)
  (net 55 "Net-(J2-Pad1)")

  (net_class Default "This is the default net class."
    (clearance 0.2)
    (trace_width 0.25)
    (via_dia 0.8)
    (via_drill 0.4)
    (uvia_dia 0.3)
    (uvia_drill 0.1)
    (add_net "Net-(J2-Pad1)")
  )

  (net_class Thicker ""
    (clearance 0.2)
    (trace_width 0.4)
    (via_dia 0.8)
    (via_drill 0.4)
    (uvia_dia 0.3)
    (uvia_drill 0.1)
    (add_net 3_3V)
    (add_net BatteryPower)
    (add_net CEN)
    (add_net GND)
    (add_net LED)
    (add_net "Net-(C2-Pad1)")
    (add_net "Net-(C2-Pad2)")
    (add_net "Net-(C5-Pad1)")
    (add_net "Net-(C5-Pad2)")
    (add_net "Net-(C6-Pad2)")
    (add_net "Net-(C7-Pad2)")
    (add_net "Net-(D2-Pad1)")
    (add_net "Net-(D2-Pad3)")
    (add_net "Net-(J1-Pad2)")
    (add_net "Net-(J1-Pad3)")
    (add_net "Net-(J1-Pad4)")
    (add_net "Net-(J2-Pad2)")
    (add_net "Net-(J2-Pad3)")
    (add_net "Net-(J2-Pad4)")
    (add_net "Net-(J2-Pad6)")
    (add_net "Net-(J2-Pad7)")
    (add_net "Net-(J2-Pad8)")
    (add_net "Net-(J2-Pad9)")
    (add_net "Net-(R2-Pad2)")
    (add_net "Net-(R4-Pad1)")
    (add_net "Net-(R5-Pad1)")
    (add_net "Net-(U1-Pad1)")
    (add_net "Net-(U1-Pad10)")
    (add_net "Net-(U1-Pad11)")
    (add_net "Net-(U1-Pad15)")
    (add_net "Net-(U1-Pad16)")
    (add_net "Net-(U1-Pad17)")
    (add_net "Net-(U1-Pad19)")
    (add_net "Net-(U1-Pad2)")
    (add_net "Net-(U1-Pad20)")
    (add_net "Net-(U1-Pad21)")
    (add_net "Net-(U1-Pad22)")
    (add_net "Net-(U1-Pad24)")
    (add_net "Net-(U1-Pad25)")
    (add_net "Net-(U1-Pad26)")
    (add_net "Net-(U1-Pad3)")
    (add_net "Net-(U1-Pad4)")
    (add_net "Net-(U1-Pad5)")
    (add_net "Net-(U1-Pad6)")
    (add_net "Net-(U1-Pad7)")
    (add_net "Net-(U1-Pad8)")
    (add_net "Net-(U1-Pad9)")
    (add_net "Net-(U2-Pad4)")
    (add_net "Net-(U3-Pad11)")
    (add_net "Net-(U3-Pad12)")
    (add_net "Net-(U3-Pad13)")
    (add_net "Net-(U3-Pad14)")
    (add_net SelectedPower)
    (add_net VBUS)
  )

  (module MountingHole:MountingHole_2.7mm (layer F.Cu) (tedit 56D1B4CB) (tstamp 5FB8B95F)
    (at 133.9 97)
    (descr "Mounting Hole 2.7mm, no annular")
    (tags "mounting hole 2.7mm no annular")
    (attr virtual)
    (fp_text reference REF** (at 0 -3.7) (layer F.SilkS)
      (effects (font (size 1 1) (thickness 0.15)))
    )
    (fp_text value MountingHole_2.7mm (at 0 3.7) (layer F.Fab)
      (effects (font (size 1 1) (thickness 0.15)))
    )
    (fp_text user %R (at 0.3 0) (layer F.Fab)
      (effects (font (size 1 1) (thickness 0.15)))
    )
    (fp_circle (center 0 0) (end 2.7 0) (layer Cmts.User) (width 0.15))
    (fp_circle (center 0 0) (end 2.95 0) (layer F.CrtYd) (width 0.05))
    (pad 1 np_thru_hole circle (at 0 0) (size 2.7 2.7) (drill 2.7) (layers *.Cu *.Mask))
  )

  (module MountingHole:MountingHole_2.7mm (layer F.Cu) (tedit 56D1B4CB) (tstamp 5FB8B951)
    (at 133.9 38)
    (descr "Mounting Hole 2.7mm, no annular")
    (tags "mounting hole 2.7mm no annular")
    (attr virtual)
    (fp_text reference REF** (at 0 -3.7) (layer F.SilkS)
      (effects (font (size 1 1) (thickness 0.15)))
    )
    (fp_text value MountingHole_2.7mm (at 0 3.7) (layer F.Fab)
      (effects (font (size 1 1) (thickness 0.15)))
    )
    (fp_circle (center 0 0) (end 2.95 0) (layer F.CrtYd) (width 0.05))
    (fp_circle (center 0 0) (end 2.7 0) (layer Cmts.User) (width 0.15))
    (fp_text user %R (at 0.3 0) (layer F.Fab)
      (effects (font (size 1 1) (thickness 0.15)))
    )
    (pad 1 np_thru_hole circle (at 0 0) (size 2.7 2.7) (drill 2.7) (layers *.Cu *.Mask))
  )

  (module MountingHole:MountingHole_2.7mm (layer F.Cu) (tedit 56D1B4CB) (tstamp 5FB8B943)
    (at 108.4 38)
    (descr "Mounting Hole 2.7mm, no annular")
    (tags "mounting hole 2.7mm no annular")
    (attr virtual)
    (fp_text reference REF** (at 0 -3.7) (layer F.SilkS)
      (effects (font (size 1 1) (thickness 0.15)))
    )
    (fp_text value MountingHole_2.7mm (at 0 3.7) (layer F.Fab)
      (effects (font (size 1 1) (thickness 0.15)))
    )
    (fp_text user %R (at 0.3 0) (layer F.Fab)
      (effects (font (size 1 1) (thickness 0.15)))
    )
    (fp_circle (center 0 0) (end 2.7 0) (layer Cmts.User) (width 0.15))
    (fp_circle (center 0 0) (end 2.95 0) (layer F.CrtYd) (width 0.05))
    (pad 1 np_thru_hole circle (at 0 0) (size 2.7 2.7) (drill 2.7) (layers *.Cu *.Mask))
  )

  (module WiRoc:USB_Micro-B_Horizontal (layer F.Cu) (tedit 5F9DB346) (tstamp 5FB5EC7F)
    (at 107.52064 55.93268 270)
    (descr "Micro USB Type B 10103594-0001LF, http://cdn.amphenol-icc.com/media/wysiwyg/files/drawing/10103594.pdf")
    (tags "USB USB_B USB_micro USB_OTG")
    (path /5F9B6B1A)
    (attr smd)
    (fp_text reference J1 (at -2.9262 -4.8768 270) (layer F.SilkS)
      (effects (font (size 1 1) (thickness 0.15)))
    )
    (fp_text value USB_B_Micro (at -0.025 4.435 270) (layer F.Fab)
      (effects (font (size 1 1) (thickness 0.15)))
    )
    (fp_line (start 4.15 3.58) (end -4.15 3.58) (layer F.CrtYd) (width 0.05))
    (fp_line (start 4.15 3.58) (end 4.15 -2.88) (layer F.CrtYd) (width 0.05))
    (fp_line (start -4.15 -2.88) (end -4.15 3.58) (layer F.CrtYd) (width 0.05))
    (fp_line (start -4.15 -2.88) (end 4.15 -2.88) (layer F.CrtYd) (width 0.05))
    (fp_line (start -4.025 2.2) (end 3.975 2.2) (layer Dwgs.User) (width 0.1))
    (fp_line (start -3.775 3.335) (end -3.775 -1.465) (layer F.Fab) (width 0.12))
    (fp_line (start -2.975 -2.215) (end 3.725 -2.215) (layer F.Fab) (width 0.12))
    (fp_line (start 3.725 -2.215) (end 3.725 3.335) (layer F.Fab) (width 0.12))
    (fp_line (start 3.725 3.335) (end -3.775 3.335) (layer F.Fab) (width 0.12))
    (fp_line (start -3.775 -1.465) (end -2.975 -2.215) (layer F.Fab) (width 0.12))
    (fp_line (start -1.3 -2.865) (end -1.7 -3.315) (layer F.SilkS) (width 0.12))
    (fp_line (start -1.7 -3.315) (end -0.9 -3.315) (layer F.SilkS) (width 0.12))
    (fp_line (start -0.9 -3.315) (end -1.3 -2.865) (layer F.SilkS) (width 0.12))
    (fp_line (start 3.825 2.735) (end 3.825 -0.065) (layer F.SilkS) (width 0.12))
    (fp_line (start 3.825 -0.065) (end 4.125 -0.065) (layer F.SilkS) (width 0.12))
    (fp_line (start 4.125 -0.065) (end 4.125 -1.615) (layer F.SilkS) (width 0.12))
    (fp_line (start -3.875 2.735) (end -3.875 -0.065) (layer F.SilkS) (width 0.12))
    (fp_line (start -4.175 -0.065) (end -3.875 -0.065) (layer F.SilkS) (width 0.12))
    (fp_line (start -4.175 -0.065) (end -4.175 -1.615) (layer F.SilkS) (width 0.12))
    (fp_text user %R (at -5.87 -3.68 270) (layer F.Fab)
      (effects (font (size 1 1) (thickness 0.15)))
    )
    (fp_text user "PCB edge" (at -0.025 2.235 270) (layer Dwgs.User)
      (effects (font (size 0.5 0.5) (thickness 0.075)))
    )
    (pad 6 smd rect (at 1.15 0.8) (size 2 2) (layers F.Cu F.Paste F.Mask)
      (net 2 GND))
    (pad 6 smd rect (at -1.15 0.8) (size 2 2) (layers F.Cu F.Paste F.Mask)
      (net 2 GND))
    (pad 6 thru_hole oval (at 2.875 0.75) (size 1.7 1) (drill oval 1.2 0.5) (layers *.Cu *.Mask)
      (net 2 GND))
    (pad 6 thru_hole oval (at -2.875 0.75) (size 1.7 1) (drill oval 1.2 0.5) (layers *.Cu *.Mask)
      (net 2 GND))
    (pad 6 thru_hole circle (at 2 -1.6) (size 0.5 0.5) (drill 0.5) (layers *.Cu *.Mask)
      (net 2 GND) (solder_mask_margin 0.01) (solder_paste_margin -0.01) (clearance 0.01) (zone_connect 2))
    (pad 6 thru_hole circle (at -2 -1.6) (size 0.5 0.5) (drill 0.5) (layers *.Cu *.Mask)
      (net 2 GND) (solder_mask_margin 0.01) (solder_paste_margin -0.01) (clearance 0.01) (zone_connect 2))
    (pad 5 smd rect (at 1.3 -1.765) (size 1.65 0.4) (layers F.Cu F.Paste F.Mask)
      (net 2 GND))
    (pad 4 smd rect (at 0.65 -1.765) (size 1.65 0.4) (layers F.Cu F.Paste F.Mask)
      (net 15 "Net-(J1-Pad4)"))
    (pad 3 smd rect (at 0 -1.765) (size 1.65 0.4) (layers F.Cu F.Paste F.Mask)
      (net 14 "Net-(J1-Pad3)"))
    (pad 2 smd rect (at -0.65 -1.765) (size 1.65 0.4) (layers F.Cu F.Paste F.Mask)
      (net 13 "Net-(J1-Pad2)"))
    (pad 1 smd rect (at -1.3 -1.765) (size 1.65 0.4) (layers F.Cu F.Paste F.Mask)
      (net 11 VBUS))
    (pad 6 smd rect (at 3.1 -1.8 270) (size 2.1 1.6) (layers F.Cu F.Paste F.Mask)
      (net 2 GND))
    (pad 6 smd rect (at -3.05 -1.815 270) (size 2.1 1.6) (layers F.Cu F.Paste F.Mask)
      (net 2 GND))
    (model ${KISYS3DMOD}/Connector_USB.3dshapes/USB_Micro-B_Amphenol_10103594-0001LF_Horizontal.wrl
      (at (xyz 0 0 0))
      (scale (xyz 1 1 1))
      (rotate (xyz 0 0 0))
    )
  )

  (module WiRoc:JST_2.56 (layer B.Cu) (tedit 5D699CBE) (tstamp 5FB5EB9A)
    (at 109.74324 81.69148 90)
    (path /5F9B4573)
    (fp_text reference BT1 (at 4.8308 2.0762 90) (layer B.SilkS)
      (effects (font (size 1 1) (thickness 0.15)) (justify mirror))
    )
    (fp_text value Battery_Cell (at 0 1.9205 90) (layer B.Fab)
      (effects (font (size 1 1) (thickness 0.15)) (justify mirror))
    )
    (fp_line (start -3.6 -1.8) (end -1.6 -1.8) (layer B.SilkS) (width 0.15))
    (fp_line (start -3.6 -1) (end -2.8 -1) (layer B.SilkS) (width 0.15))
    (fp_line (start -1.6 -1.8) (end -1.6 -2.6) (layer B.SilkS) (width 0.15))
    (fp_line (start 3.6 -1.8) (end 2.2 -1.8) (layer B.SilkS) (width 0.15))
    (fp_line (start 2.2 -1.8) (end 2 -1.8) (layer B.SilkS) (width 0.15))
    (fp_line (start 2 -1.8) (end 1.8 -1.8) (layer B.SilkS) (width 0.15))
    (fp_line (start 1.8 -1.8) (end 1.8 -2.4) (layer B.SilkS) (width 0.15))
    (fp_line (start 1.8 -2.4) (end 1.8 -2.6) (layer B.SilkS) (width 0.15))
    (fp_line (start 1.8 -2.6) (end 1.8 -2.4) (layer B.SilkS) (width 0.15))
    (fp_line (start -2.8 -1) (end -2.8 2.2) (layer B.SilkS) (width 0.15))
    (fp_line (start -2.8 2.2) (end 2.8 2.2) (layer B.SilkS) (width 0.15))
    (fp_line (start 2.8 2.2) (end 2.8 -0.8) (layer B.SilkS) (width 0.15))
    (fp_line (start 2.8 -0.8) (end 3.6 -0.8) (layer B.SilkS) (width 0.15))
    (fp_line (start -3.6 3) (end 3.6 3) (layer B.SilkS) (width 0.15))
    (fp_line (start 3.6 3) (end 3.6 -2.6) (layer B.SilkS) (width 0.15))
    (fp_line (start 3.6 -2.6) (end -3.6 -2.6) (layer B.SilkS) (width 0.15))
    (fp_line (start -3.6 -2.6) (end -3.6 3) (layer B.SilkS) (width 0.15))
    (pad 1 thru_hole rect (at -1.27 0 90) (size 2 2) (drill 0.8) (layers *.Cu *.Mask B.SilkS)
      (net 1 BatteryPower))
    (pad 2 thru_hole circle (at 1.27 0 90) (size 2 2) (drill 0.8) (layers *.Cu *.Mask B.SilkS)
      (net 2 GND))
    (model ${KISYS3DMOD2}/Connectors_JST.3dshapes/JST_XH_B02B-XH-A_02x2.50mm_Straight.wrl
      (offset (xyz 1.25 -0.2 0))
      (scale (xyz 1 1 1))
      (rotate (xyz 0 0 180))
    )
  )

  (module Capacitor_SMD:C_0805_2012Metric_Pad1.15x1.40mm_HandSolder (layer F.Cu) (tedit 5B36C52B) (tstamp 5FB5EBAB)
    (at 113.84788 72.52092)
    (descr "Capacitor SMD 0805 (2012 Metric), square (rectangular) end terminal, IPC_7351 nominal with elongated pad for handsoldering. (Body size source: https://docs.google.com/spreadsheets/d/1BsfQQcO9C6DZCsRaXUlFlo91Tg2WpOkGARC1WS5S8t0/edit?usp=sharing), generated with kicad-footprint-generator")
    (tags "capacitor handsolder")
    (path /5F9BC1CA)
    (attr smd)
    (fp_text reference C1 (at 2.9718 0.07112) (layer F.SilkS)
      (effects (font (size 1 1) (thickness 0.15)))
    )
    (fp_text value 1uF (at -3.5052 -0.19812) (layer F.Fab)
      (effects (font (size 1 1) (thickness 0.15)))
    )
    (fp_text user %R (at 0 0) (layer F.Fab)
      (effects (font (size 0.5 0.5) (thickness 0.08)))
    )
    (fp_line (start 1.85 0.95) (end -1.85 0.95) (layer F.CrtYd) (width 0.05))
    (fp_line (start 1.85 -0.95) (end 1.85 0.95) (layer F.CrtYd) (width 0.05))
    (fp_line (start -1.85 -0.95) (end 1.85 -0.95) (layer F.CrtYd) (width 0.05))
    (fp_line (start -1.85 0.95) (end -1.85 -0.95) (layer F.CrtYd) (width 0.05))
    (fp_line (start -0.261252 0.71) (end 0.261252 0.71) (layer F.SilkS) (width 0.12))
    (fp_line (start -0.261252 -0.71) (end 0.261252 -0.71) (layer F.SilkS) (width 0.12))
    (fp_line (start 1 0.6) (end -1 0.6) (layer F.Fab) (width 0.1))
    (fp_line (start 1 -0.6) (end 1 0.6) (layer F.Fab) (width 0.1))
    (fp_line (start -1 -0.6) (end 1 -0.6) (layer F.Fab) (width 0.1))
    (fp_line (start -1 0.6) (end -1 -0.6) (layer F.Fab) (width 0.1))
    (pad 2 smd roundrect (at 1.025 0) (size 1.15 1.4) (layers F.Cu F.Paste F.Mask) (roundrect_rratio 0.217391)
      (net 2 GND))
    (pad 1 smd roundrect (at -1.025 0) (size 1.15 1.4) (layers F.Cu F.Paste F.Mask) (roundrect_rratio 0.217391)
      (net 3 SelectedPower))
    (model ${KISYS3DMOD}/Capacitor_SMD.3dshapes/C_0805_2012Metric.wrl
      (at (xyz 0 0 0))
      (scale (xyz 1 1 1))
      (rotate (xyz 0 0 0))
    )
  )

  (module Capacitor_SMD:C_0805_2012Metric_Pad1.15x1.40mm_HandSolder (layer F.Cu) (tedit 5B36C52B) (tstamp 5FB65887)
    (at 120.68048 78.93304)
    (descr "Capacitor SMD 0805 (2012 Metric), square (rectangular) end terminal, IPC_7351 nominal with elongated pad for handsoldering. (Body size source: https://docs.google.com/spreadsheets/d/1BsfQQcO9C6DZCsRaXUlFlo91Tg2WpOkGARC1WS5S8t0/edit?usp=sharing), generated with kicad-footprint-generator")
    (tags "capacitor handsolder")
    (path /5F997392)
    (attr smd)
    (fp_text reference C2 (at 0 -1.65) (layer F.SilkS)
      (effects (font (size 1 1) (thickness 0.15)))
    )
    (fp_text value 100nF (at -0.0254 1.66116) (layer F.Fab)
      (effects (font (size 1 1) (thickness 0.15)))
    )
    (fp_text user %R (at 0 0) (layer F.Fab)
      (effects (font (size 0.5 0.5) (thickness 0.08)))
    )
    (fp_line (start 1.85 0.95) (end -1.85 0.95) (layer F.CrtYd) (width 0.05))
    (fp_line (start 1.85 -0.95) (end 1.85 0.95) (layer F.CrtYd) (width 0.05))
    (fp_line (start -1.85 -0.95) (end 1.85 -0.95) (layer F.CrtYd) (width 0.05))
    (fp_line (start -1.85 0.95) (end -1.85 -0.95) (layer F.CrtYd) (width 0.05))
    (fp_line (start -0.261252 0.71) (end 0.261252 0.71) (layer F.SilkS) (width 0.12))
    (fp_line (start -0.261252 -0.71) (end 0.261252 -0.71) (layer F.SilkS) (width 0.12))
    (fp_line (start 1 0.6) (end -1 0.6) (layer F.Fab) (width 0.1))
    (fp_line (start 1 -0.6) (end 1 0.6) (layer F.Fab) (width 0.1))
    (fp_line (start -1 -0.6) (end 1 -0.6) (layer F.Fab) (width 0.1))
    (fp_line (start -1 0.6) (end -1 -0.6) (layer F.Fab) (width 0.1))
    (pad 2 smd roundrect (at 1.025 0) (size 1.15 1.4) (layers F.Cu F.Paste F.Mask) (roundrect_rratio 0.217391)
      (net 4 "Net-(C2-Pad2)"))
    (pad 1 smd roundrect (at -1.025 0) (size 1.15 1.4) (layers F.Cu F.Paste F.Mask) (roundrect_rratio 0.217391)
      (net 5 "Net-(C2-Pad1)"))
    (model ${KISYS3DMOD}/Capacitor_SMD.3dshapes/C_0805_2012Metric.wrl
      (at (xyz 0 0 0))
      (scale (xyz 1 1 1))
      (rotate (xyz 0 0 0))
    )
  )

  (module Capacitor_SMD:C_0805_2012Metric_Pad1.15x1.40mm_HandSolder (layer F.Cu) (tedit 5B36C52B) (tstamp 5FB5EBCD)
    (at 114.13236 78.55596)
    (descr "Capacitor SMD 0805 (2012 Metric), square (rectangular) end terminal, IPC_7351 nominal with elongated pad for handsoldering. (Body size source: https://docs.google.com/spreadsheets/d/1BsfQQcO9C6DZCsRaXUlFlo91Tg2WpOkGARC1WS5S8t0/edit?usp=sharing), generated with kicad-footprint-generator")
    (tags "capacitor handsolder")
    (path /5F9BD13E)
    (attr smd)
    (fp_text reference C3 (at 0 -1.65) (layer F.SilkS)
      (effects (font (size 1 1) (thickness 0.15)))
    )
    (fp_text value 1uF (at 0 1.65) (layer F.Fab)
      (effects (font (size 1 1) (thickness 0.15)))
    )
    (fp_line (start -1 0.6) (end -1 -0.6) (layer F.Fab) (width 0.1))
    (fp_line (start -1 -0.6) (end 1 -0.6) (layer F.Fab) (width 0.1))
    (fp_line (start 1 -0.6) (end 1 0.6) (layer F.Fab) (width 0.1))
    (fp_line (start 1 0.6) (end -1 0.6) (layer F.Fab) (width 0.1))
    (fp_line (start -0.261252 -0.71) (end 0.261252 -0.71) (layer F.SilkS) (width 0.12))
    (fp_line (start -0.261252 0.71) (end 0.261252 0.71) (layer F.SilkS) (width 0.12))
    (fp_line (start -1.85 0.95) (end -1.85 -0.95) (layer F.CrtYd) (width 0.05))
    (fp_line (start -1.85 -0.95) (end 1.85 -0.95) (layer F.CrtYd) (width 0.05))
    (fp_line (start 1.85 -0.95) (end 1.85 0.95) (layer F.CrtYd) (width 0.05))
    (fp_line (start 1.85 0.95) (end -1.85 0.95) (layer F.CrtYd) (width 0.05))
    (fp_text user %R (at 0 0) (layer F.Fab)
      (effects (font (size 0.5 0.5) (thickness 0.08)))
    )
    (pad 1 smd roundrect (at -1.025 0) (size 1.15 1.4) (layers F.Cu F.Paste F.Mask) (roundrect_rratio 0.217391)
      (net 6 3_3V))
    (pad 2 smd roundrect (at 1.025 0) (size 1.15 1.4) (layers F.Cu F.Paste F.Mask) (roundrect_rratio 0.217391)
      (net 2 GND))
    (model ${KISYS3DMOD}/Capacitor_SMD.3dshapes/C_0805_2012Metric.wrl
      (at (xyz 0 0 0))
      (scale (xyz 1 1 1))
      (rotate (xyz 0 0 0))
    )
  )

  (module Capacitor_SMD:C_0805_2012Metric_Pad1.15x1.40mm_HandSolder (layer F.Cu) (tedit 5B36C52B) (tstamp 5FB65A49)
    (at 121.49456 66.84264 180)
    (descr "Capacitor SMD 0805 (2012 Metric), square (rectangular) end terminal, IPC_7351 nominal with elongated pad for handsoldering. (Body size source: https://docs.google.com/spreadsheets/d/1BsfQQcO9C6DZCsRaXUlFlo91Tg2WpOkGARC1WS5S8t0/edit?usp=sharing), generated with kicad-footprint-generator")
    (tags "capacitor handsolder")
    (path /5F99729E)
    (attr smd)
    (fp_text reference C4 (at -1.65988 -1.68656 180) (layer F.SilkS)
      (effects (font (size 1 1) (thickness 0.15)))
    )
    (fp_text value 100nF (at 0 1.65 180) (layer F.Fab)
      (effects (font (size 1 1) (thickness 0.15)))
    )
    (fp_line (start -1 0.6) (end -1 -0.6) (layer F.Fab) (width 0.1))
    (fp_line (start -1 -0.6) (end 1 -0.6) (layer F.Fab) (width 0.1))
    (fp_line (start 1 -0.6) (end 1 0.6) (layer F.Fab) (width 0.1))
    (fp_line (start 1 0.6) (end -1 0.6) (layer F.Fab) (width 0.1))
    (fp_line (start -0.261252 -0.71) (end 0.261252 -0.71) (layer F.SilkS) (width 0.12))
    (fp_line (start -0.261252 0.71) (end 0.261252 0.71) (layer F.SilkS) (width 0.12))
    (fp_line (start -1.85 0.95) (end -1.85 -0.95) (layer F.CrtYd) (width 0.05))
    (fp_line (start -1.85 -0.95) (end 1.85 -0.95) (layer F.CrtYd) (width 0.05))
    (fp_line (start 1.85 -0.95) (end 1.85 0.95) (layer F.CrtYd) (width 0.05))
    (fp_line (start 1.85 0.95) (end -1.85 0.95) (layer F.CrtYd) (width 0.05))
    (fp_text user %R (at 0 0 180) (layer F.Fab)
      (effects (font (size 0.5 0.5) (thickness 0.08)))
    )
    (pad 1 smd roundrect (at -1.025 0 180) (size 1.15 1.4) (layers F.Cu F.Paste F.Mask) (roundrect_rratio 0.217391)
      (net 2 GND))
    (pad 2 smd roundrect (at 1.025 0 180) (size 1.15 1.4) (layers F.Cu F.Paste F.Mask) (roundrect_rratio 0.217391)
      (net 6 3_3V))
    (model ${KISYS3DMOD}/Capacitor_SMD.3dshapes/C_0805_2012Metric.wrl
      (at (xyz 0 0 0))
      (scale (xyz 1 1 1))
      (rotate (xyz 0 0 0))
    )
  )

  (module Capacitor_SMD:C_0805_2012Metric_Pad1.15x1.40mm_HandSolder (layer F.Cu) (tedit 5B36C52B) (tstamp 5FB659D7)
    (at 126.11112 79.33436)
    (descr "Capacitor SMD 0805 (2012 Metric), square (rectangular) end terminal, IPC_7351 nominal with elongated pad for handsoldering. (Body size source: https://docs.google.com/spreadsheets/d/1BsfQQcO9C6DZCsRaXUlFlo91Tg2WpOkGARC1WS5S8t0/edit?usp=sharing), generated with kicad-footprint-generator")
    (tags "capacitor handsolder")
    (path /5F9971D4)
    (attr smd)
    (fp_text reference C5 (at 0 -1.65) (layer F.SilkS)
      (effects (font (size 1 1) (thickness 0.15)))
    )
    (fp_text value 100nF (at 1.66624 1.7272) (layer F.Fab)
      (effects (font (size 1 1) (thickness 0.15)))
    )
    (fp_line (start -1 0.6) (end -1 -0.6) (layer F.Fab) (width 0.1))
    (fp_line (start -1 -0.6) (end 1 -0.6) (layer F.Fab) (width 0.1))
    (fp_line (start 1 -0.6) (end 1 0.6) (layer F.Fab) (width 0.1))
    (fp_line (start 1 0.6) (end -1 0.6) (layer F.Fab) (width 0.1))
    (fp_line (start -0.261252 -0.71) (end 0.261252 -0.71) (layer F.SilkS) (width 0.12))
    (fp_line (start -0.261252 0.71) (end 0.261252 0.71) (layer F.SilkS) (width 0.12))
    (fp_line (start -1.85 0.95) (end -1.85 -0.95) (layer F.CrtYd) (width 0.05))
    (fp_line (start -1.85 -0.95) (end 1.85 -0.95) (layer F.CrtYd) (width 0.05))
    (fp_line (start 1.85 -0.95) (end 1.85 0.95) (layer F.CrtYd) (width 0.05))
    (fp_line (start 1.85 0.95) (end -1.85 0.95) (layer F.CrtYd) (width 0.05))
    (fp_text user %R (at 0 0) (layer F.Fab)
      (effects (font (size 0.5 0.5) (thickness 0.08)))
    )
    (pad 1 smd roundrect (at -1.025 0) (size 1.15 1.4) (layers F.Cu F.Paste F.Mask) (roundrect_rratio 0.217391)
      (net 7 "Net-(C5-Pad1)"))
    (pad 2 smd roundrect (at 1.025 0) (size 1.15 1.4) (layers F.Cu F.Paste F.Mask) (roundrect_rratio 0.217391)
      (net 8 "Net-(C5-Pad2)"))
    (model ${KISYS3DMOD}/Capacitor_SMD.3dshapes/C_0805_2012Metric.wrl
      (at (xyz 0 0 0))
      (scale (xyz 1 1 1))
      (rotate (xyz 0 0 0))
    )
  )

  (module Capacitor_SMD:C_0805_2012Metric_Pad1.15x1.40mm_HandSolder (layer F.Cu) (tedit 5B36C52B) (tstamp 5FB659A7)
    (at 117.93728 75.6412 90)
    (descr "Capacitor SMD 0805 (2012 Metric), square (rectangular) end terminal, IPC_7351 nominal with elongated pad for handsoldering. (Body size source: https://docs.google.com/spreadsheets/d/1BsfQQcO9C6DZCsRaXUlFlo91Tg2WpOkGARC1WS5S8t0/edit?usp=sharing), generated with kicad-footprint-generator")
    (tags "capacitor handsolder")
    (path /5F99735C)
    (attr smd)
    (fp_text reference C6 (at -1.14808 -1.9558 90) (layer F.SilkS)
      (effects (font (size 1 1) (thickness 0.15)))
    )
    (fp_text value 100nF (at 2.30124 -1.9558 90) (layer F.Fab)
      (effects (font (size 1 1) (thickness 0.15)))
    )
    (fp_line (start -1 0.6) (end -1 -0.6) (layer F.Fab) (width 0.1))
    (fp_line (start -1 -0.6) (end 1 -0.6) (layer F.Fab) (width 0.1))
    (fp_line (start 1 -0.6) (end 1 0.6) (layer F.Fab) (width 0.1))
    (fp_line (start 1 0.6) (end -1 0.6) (layer F.Fab) (width 0.1))
    (fp_line (start -0.261252 -0.71) (end 0.261252 -0.71) (layer F.SilkS) (width 0.12))
    (fp_line (start -0.261252 0.71) (end 0.261252 0.71) (layer F.SilkS) (width 0.12))
    (fp_line (start -1.85 0.95) (end -1.85 -0.95) (layer F.CrtYd) (width 0.05))
    (fp_line (start -1.85 -0.95) (end 1.85 -0.95) (layer F.CrtYd) (width 0.05))
    (fp_line (start 1.85 -0.95) (end 1.85 0.95) (layer F.CrtYd) (width 0.05))
    (fp_line (start 1.85 0.95) (end -1.85 0.95) (layer F.CrtYd) (width 0.05))
    (fp_text user %R (at 2.17424 1.48844 90) (layer F.Fab)
      (effects (font (size 0.5 0.5) (thickness 0.08)))
    )
    (pad 1 smd roundrect (at -1.025 0 90) (size 1.15 1.4) (layers F.Cu F.Paste F.Mask) (roundrect_rratio 0.217391)
      (net 2 GND))
    (pad 2 smd roundrect (at 1.025 0 90) (size 1.15 1.4) (layers F.Cu F.Paste F.Mask) (roundrect_rratio 0.217391)
      (net 9 "Net-(C6-Pad2)"))
    (model ${KISYS3DMOD}/Capacitor_SMD.3dshapes/C_0805_2012Metric.wrl
      (at (xyz 0 0 0))
      (scale (xyz 1 1 1))
      (rotate (xyz 0 0 0))
    )
  )

  (module Capacitor_SMD:C_0805_2012Metric_Pad1.15x1.40mm_HandSolder (layer F.Cu) (tedit 5B36C52B) (tstamp 5FB65851)
    (at 132.31368 74.91984 90)
    (descr "Capacitor SMD 0805 (2012 Metric), square (rectangular) end terminal, IPC_7351 nominal with elongated pad for handsoldering. (Body size source: https://docs.google.com/spreadsheets/d/1BsfQQcO9C6DZCsRaXUlFlo91Tg2WpOkGARC1WS5S8t0/edit?usp=sharing), generated with kicad-footprint-generator")
    (tags "capacitor handsolder")
    (path /5F99787B)
    (attr smd)
    (fp_text reference C7 (at 0 -1.65 90) (layer F.SilkS)
      (effects (font (size 1 1) (thickness 0.15)))
    )
    (fp_text value 100nF (at -4.23164 -0.08636 90) (layer F.Fab)
      (effects (font (size 1 1) (thickness 0.15)))
    )
    (fp_text user %R (at 0 0 90) (layer F.Fab)
      (effects (font (size 0.5 0.5) (thickness 0.08)))
    )
    (fp_line (start 1.85 0.95) (end -1.85 0.95) (layer F.CrtYd) (width 0.05))
    (fp_line (start 1.85 -0.95) (end 1.85 0.95) (layer F.CrtYd) (width 0.05))
    (fp_line (start -1.85 -0.95) (end 1.85 -0.95) (layer F.CrtYd) (width 0.05))
    (fp_line (start -1.85 0.95) (end -1.85 -0.95) (layer F.CrtYd) (width 0.05))
    (fp_line (start -0.261252 0.71) (end 0.261252 0.71) (layer F.SilkS) (width 0.12))
    (fp_line (start -0.261252 -0.71) (end 0.261252 -0.71) (layer F.SilkS) (width 0.12))
    (fp_line (start 1 0.6) (end -1 0.6) (layer F.Fab) (width 0.1))
    (fp_line (start 1 -0.6) (end 1 0.6) (layer F.Fab) (width 0.1))
    (fp_line (start -1 -0.6) (end 1 -0.6) (layer F.Fab) (width 0.1))
    (fp_line (start -1 0.6) (end -1 -0.6) (layer F.Fab) (width 0.1))
    (pad 2 smd roundrect (at 1.025 0 90) (size 1.15 1.4) (layers F.Cu F.Paste F.Mask) (roundrect_rratio 0.217391)
      (net 10 "Net-(C7-Pad2)"))
    (pad 1 smd roundrect (at -1.025 0 90) (size 1.15 1.4) (layers F.Cu F.Paste F.Mask) (roundrect_rratio 0.217391)
      (net 2 GND))
    (model ${KISYS3DMOD}/Capacitor_SMD.3dshapes/C_0805_2012Metric.wrl
      (at (xyz 0 0 0))
      (scale (xyz 1 1 1))
      (rotate (xyz 0 0 0))
    )
  )

  (module Capacitor_SMD:C_0805_2012Metric_Pad1.15x1.40mm_HandSolder (layer F.Cu) (tedit 5B36C52B) (tstamp 5FB5EC22)
    (at 113.87328 91.92652 90)
    (descr "Capacitor SMD 0805 (2012 Metric), square (rectangular) end terminal, IPC_7351 nominal with elongated pad for handsoldering. (Body size source: https://docs.google.com/spreadsheets/d/1BsfQQcO9C6DZCsRaXUlFlo91Tg2WpOkGARC1WS5S8t0/edit?usp=sharing), generated with kicad-footprint-generator")
    (tags "capacitor handsolder")
    (path /5F9B53B0)
    (attr smd)
    (fp_text reference C8 (at 0 -1.65 90) (layer F.SilkS)
      (effects (font (size 1 1) (thickness 0.15)))
    )
    (fp_text value 10uF (at 0.691 2.14376 90) (layer F.Fab)
      (effects (font (size 1 1) (thickness 0.15)))
    )
    (fp_line (start -1 0.6) (end -1 -0.6) (layer F.Fab) (width 0.1))
    (fp_line (start -1 -0.6) (end 1 -0.6) (layer F.Fab) (width 0.1))
    (fp_line (start 1 -0.6) (end 1 0.6) (layer F.Fab) (width 0.1))
    (fp_line (start 1 0.6) (end -1 0.6) (layer F.Fab) (width 0.1))
    (fp_line (start -0.261252 -0.71) (end 0.261252 -0.71) (layer F.SilkS) (width 0.12))
    (fp_line (start -0.261252 0.71) (end 0.261252 0.71) (layer F.SilkS) (width 0.12))
    (fp_line (start -1.85 0.95) (end -1.85 -0.95) (layer F.CrtYd) (width 0.05))
    (fp_line (start -1.85 -0.95) (end 1.85 -0.95) (layer F.CrtYd) (width 0.05))
    (fp_line (start 1.85 -0.95) (end 1.85 0.95) (layer F.CrtYd) (width 0.05))
    (fp_line (start 1.85 0.95) (end -1.85 0.95) (layer F.CrtYd) (width 0.05))
    (fp_text user %R (at 0 0 90) (layer F.Fab)
      (effects (font (size 0.5 0.5) (thickness 0.08)))
    )
    (pad 1 smd roundrect (at -1.025 0 90) (size 1.15 1.4) (layers F.Cu F.Paste F.Mask) (roundrect_rratio 0.217391)
      (net 2 GND))
    (pad 2 smd roundrect (at 1.025 0 90) (size 1.15 1.4) (layers F.Cu F.Paste F.Mask) (roundrect_rratio 0.217391)
      (net 11 VBUS))
    (model ${KISYS3DMOD}/Capacitor_SMD.3dshapes/C_0805_2012Metric.wrl
      (at (xyz 0 0 0))
      (scale (xyz 1 1 1))
      (rotate (xyz 0 0 0))
    )
  )

  (module Capacitor_SMD:C_0805_2012Metric_Pad1.15x1.40mm_HandSolder (layer F.Cu) (tedit 5B36C52B) (tstamp 5FB5EC33)
    (at 107.60964 91.9316 270)
    (descr "Capacitor SMD 0805 (2012 Metric), square (rectangular) end terminal, IPC_7351 nominal with elongated pad for handsoldering. (Body size source: https://docs.google.com/spreadsheets/d/1BsfQQcO9C6DZCsRaXUlFlo91Tg2WpOkGARC1WS5S8t0/edit?usp=sharing), generated with kicad-footprint-generator")
    (tags "capacitor handsolder")
    (path /5FA09DDC)
    (attr smd)
    (fp_text reference C9 (at 0 -1.65 270) (layer F.SilkS)
      (effects (font (size 1 1) (thickness 0.15)))
    )
    (fp_text value 10uF (at 0 1.65 270) (layer F.Fab)
      (effects (font (size 1 1) (thickness 0.15)))
    )
    (fp_text user %R (at 0 0 270) (layer F.Fab)
      (effects (font (size 0.5 0.5) (thickness 0.08)))
    )
    (fp_line (start 1.85 0.95) (end -1.85 0.95) (layer F.CrtYd) (width 0.05))
    (fp_line (start 1.85 -0.95) (end 1.85 0.95) (layer F.CrtYd) (width 0.05))
    (fp_line (start -1.85 -0.95) (end 1.85 -0.95) (layer F.CrtYd) (width 0.05))
    (fp_line (start -1.85 0.95) (end -1.85 -0.95) (layer F.CrtYd) (width 0.05))
    (fp_line (start -0.261252 0.71) (end 0.261252 0.71) (layer F.SilkS) (width 0.12))
    (fp_line (start -0.261252 -0.71) (end 0.261252 -0.71) (layer F.SilkS) (width 0.12))
    (fp_line (start 1 0.6) (end -1 0.6) (layer F.Fab) (width 0.1))
    (fp_line (start 1 -0.6) (end 1 0.6) (layer F.Fab) (width 0.1))
    (fp_line (start -1 -0.6) (end 1 -0.6) (layer F.Fab) (width 0.1))
    (fp_line (start -1 0.6) (end -1 -0.6) (layer F.Fab) (width 0.1))
    (pad 2 smd roundrect (at 1.025 0 270) (size 1.15 1.4) (layers F.Cu F.Paste F.Mask) (roundrect_rratio 0.217391)
      (net 2 GND))
    (pad 1 smd roundrect (at -1.025 0 270) (size 1.15 1.4) (layers F.Cu F.Paste F.Mask) (roundrect_rratio 0.217391)
      (net 1 BatteryPower))
    (model ${KISYS3DMOD}/Capacitor_SMD.3dshapes/C_0805_2012Metric.wrl
      (at (xyz 0 0 0))
      (scale (xyz 1 1 1))
      (rotate (xyz 0 0 0))
    )
  )

  (module Connector_Dsub:DSUB-9_Male_EdgeMount_P2.77mm (layer F.Cu) (tedit 59FEDEE2) (tstamp 5FB5ECDC)
    (at 121.1707 97.9476)
    (descr "9-pin D-Sub connector, solder-cups edge-mounted, male, x-pin-pitch 2.77mm, distance of mounting holes 25mm, see https://disti-assets.s3.amazonaws.com/tonar/files/datasheets/16730.pdf")
    (tags "9-pin D-Sub connector edge mount solder cup male x-pin-pitch 2.77mm mounting holes distance 25mm")
    (path /5F997C03)
    (attr smd)
    (fp_text reference J2 (at -0.22606 -2.97688) (layer F.SilkS)
      (effects (font (size 1 1) (thickness 0.15)))
    )
    (fp_text value DB9_Male (at 0 16.69) (layer F.Fab)
      (effects (font (size 1 1) (thickness 0.15)))
    )
    (fp_line (start -6.14 -0.91) (end -6.14 1.99) (layer F.Fab) (width 0.1))
    (fp_line (start -6.14 1.99) (end -4.94 1.99) (layer F.Fab) (width 0.1))
    (fp_line (start -4.94 1.99) (end -4.94 -0.91) (layer F.Fab) (width 0.1))
    (fp_line (start -4.94 -0.91) (end -6.14 -0.91) (layer F.Fab) (width 0.1))
    (fp_line (start -3.37 -0.91) (end -3.37 1.99) (layer F.Fab) (width 0.1))
    (fp_line (start -3.37 1.99) (end -2.17 1.99) (layer F.Fab) (width 0.1))
    (fp_line (start -2.17 1.99) (end -2.17 -0.91) (layer F.Fab) (width 0.1))
    (fp_line (start -2.17 -0.91) (end -3.37 -0.91) (layer F.Fab) (width 0.1))
    (fp_line (start -0.6 -0.91) (end -0.6 1.99) (layer F.Fab) (width 0.1))
    (fp_line (start -0.6 1.99) (end 0.6 1.99) (layer F.Fab) (width 0.1))
    (fp_line (start 0.6 1.99) (end 0.6 -0.91) (layer F.Fab) (width 0.1))
    (fp_line (start 0.6 -0.91) (end -0.6 -0.91) (layer F.Fab) (width 0.1))
    (fp_line (start 2.17 -0.91) (end 2.17 1.99) (layer F.Fab) (width 0.1))
    (fp_line (start 2.17 1.99) (end 3.37 1.99) (layer F.Fab) (width 0.1))
    (fp_line (start 3.37 1.99) (end 3.37 -0.91) (layer F.Fab) (width 0.1))
    (fp_line (start 3.37 -0.91) (end 2.17 -0.91) (layer F.Fab) (width 0.1))
    (fp_line (start 4.94 -0.91) (end 4.94 1.99) (layer F.Fab) (width 0.1))
    (fp_line (start 4.94 1.99) (end 6.14 1.99) (layer F.Fab) (width 0.1))
    (fp_line (start 6.14 1.99) (end 6.14 -0.91) (layer F.Fab) (width 0.1))
    (fp_line (start 6.14 -0.91) (end 4.94 -0.91) (layer F.Fab) (width 0.1))
    (fp_line (start -4.755 -0.91) (end -4.755 1.99) (layer B.Fab) (width 0.1))
    (fp_line (start -4.755 1.99) (end -3.555 1.99) (layer B.Fab) (width 0.1))
    (fp_line (start -3.555 1.99) (end -3.555 -0.91) (layer B.Fab) (width 0.1))
    (fp_line (start -3.555 -0.91) (end -4.755 -0.91) (layer B.Fab) (width 0.1))
    (fp_line (start -1.985 -0.91) (end -1.985 1.99) (layer B.Fab) (width 0.1))
    (fp_line (start -1.985 1.99) (end -0.785 1.99) (layer B.Fab) (width 0.1))
    (fp_line (start -0.785 1.99) (end -0.785 -0.91) (layer B.Fab) (width 0.1))
    (fp_line (start -0.785 -0.91) (end -1.985 -0.91) (layer B.Fab) (width 0.1))
    (fp_line (start 0.785 -0.91) (end 0.785 1.99) (layer B.Fab) (width 0.1))
    (fp_line (start 0.785 1.99) (end 1.985 1.99) (layer B.Fab) (width 0.1))
    (fp_line (start 1.985 1.99) (end 1.985 -0.91) (layer B.Fab) (width 0.1))
    (fp_line (start 1.985 -0.91) (end 0.785 -0.91) (layer B.Fab) (width 0.1))
    (fp_line (start 3.555 -0.91) (end 3.555 1.99) (layer B.Fab) (width 0.1))
    (fp_line (start 3.555 1.99) (end 4.755 1.99) (layer B.Fab) (width 0.1))
    (fp_line (start 4.755 1.99) (end 4.755 -0.91) (layer B.Fab) (width 0.1))
    (fp_line (start 4.755 -0.91) (end 3.555 -0.91) (layer B.Fab) (width 0.1))
    (fp_line (start -7.55 1.99) (end -7.55 4.79) (layer F.Fab) (width 0.1))
    (fp_line (start -7.55 4.79) (end 7.55 4.79) (layer F.Fab) (width 0.1))
    (fp_line (start 7.55 4.79) (end 7.55 1.99) (layer F.Fab) (width 0.1))
    (fp_line (start 7.55 1.99) (end -7.55 1.99) (layer F.Fab) (width 0.1))
    (fp_line (start -8.55 4.79) (end -8.55 9.29) (layer F.Fab) (width 0.1))
    (fp_line (start -8.55 9.29) (end 8.55 9.29) (layer F.Fab) (width 0.1))
    (fp_line (start 8.55 9.29) (end 8.55 4.79) (layer F.Fab) (width 0.1))
    (fp_line (start 8.55 4.79) (end -8.55 4.79) (layer F.Fab) (width 0.1))
    (fp_line (start -15.425 9.29) (end -15.425 9.69) (layer F.Fab) (width 0.1))
    (fp_line (start -15.425 9.69) (end 15.425 9.69) (layer F.Fab) (width 0.1))
    (fp_line (start 15.425 9.69) (end 15.425 9.29) (layer F.Fab) (width 0.1))
    (fp_line (start 15.425 9.29) (end -15.425 9.29) (layer F.Fab) (width 0.1))
    (fp_line (start -8.15 9.69) (end -8.15 15.69) (layer F.Fab) (width 0.1))
    (fp_line (start -8.15 15.69) (end 8.15 15.69) (layer F.Fab) (width 0.1))
    (fp_line (start 8.15 15.69) (end 8.15 9.69) (layer F.Fab) (width 0.1))
    (fp_line (start 8.15 9.69) (end -8.15 9.69) (layer F.Fab) (width 0.1))
    (fp_line (start -7 -2.25) (end 7 -2.25) (layer F.CrtYd) (width 0.05))
    (fp_line (start 7 -2.25) (end 7 1.5) (layer F.CrtYd) (width 0.05))
    (fp_line (start 7 1.5) (end 8.05 1.5) (layer F.CrtYd) (width 0.05))
    (fp_line (start 8.05 1.5) (end 8.05 4.3) (layer F.CrtYd) (width 0.05))
    (fp_line (start 8.05 4.3) (end 9.05 4.3) (layer F.CrtYd) (width 0.05))
    (fp_line (start 9.05 4.3) (end 9.05 8.8) (layer F.CrtYd) (width 0.05))
    (fp_line (start 9.05 8.8) (end 15.95 8.8) (layer F.CrtYd) (width 0.05))
    (fp_line (start 15.95 8.8) (end 15.95 10.2) (layer F.CrtYd) (width 0.05))
    (fp_line (start 15.95 10.2) (end 8.65 10.2) (layer F.CrtYd) (width 0.05))
    (fp_line (start 8.65 10.2) (end 8.65 16.2) (layer F.CrtYd) (width 0.05))
    (fp_line (start 8.65 16.2) (end -8.65 16.2) (layer F.CrtYd) (width 0.05))
    (fp_line (start -8.65 16.2) (end -8.65 10.2) (layer F.CrtYd) (width 0.05))
    (fp_line (start -8.65 10.2) (end -15.95 10.2) (layer F.CrtYd) (width 0.05))
    (fp_line (start -15.95 10.2) (end -15.95 8.8) (layer F.CrtYd) (width 0.05))
    (fp_line (start -15.95 8.8) (end -9.05 8.8) (layer F.CrtYd) (width 0.05))
    (fp_line (start -9.05 8.8) (end -9.05 4.3) (layer F.CrtYd) (width 0.05))
    (fp_line (start -9.05 4.3) (end -8.05 4.3) (layer F.CrtYd) (width 0.05))
    (fp_line (start -8.05 4.3) (end -8.05 1.5) (layer F.CrtYd) (width 0.05))
    (fp_line (start -8.05 1.5) (end -7 1.5) (layer F.CrtYd) (width 0.05))
    (fp_line (start -7 1.5) (end -7 -2.25) (layer F.CrtYd) (width 0.05))
    (fp_line (start 6.723333 1.74) (end 6.723333 -2) (layer F.SilkS) (width 0.12))
    (fp_line (start 6.723333 -2) (end -6.723333 -2) (layer F.SilkS) (width 0.12))
    (fp_line (start -6.723333 -2) (end -6.723333 1.74) (layer F.SilkS) (width 0.12))
    (fp_line (start -6.963333 0) (end -6.963333 -2.24) (layer F.SilkS) (width 0.12))
    (fp_line (start -6.963333 -2.24) (end -2.77 -2.24) (layer F.SilkS) (width 0.12))
    (fp_line (start -15.425 1.99) (end 15.425 1.99) (layer Dwgs.User) (width 0.05))
    (fp_text user %R (at 0 3.39) (layer F.Fab)
      (effects (font (size 1 1) (thickness 0.15)))
    )
    (fp_text user "PCB edge" (at -10.425 1.323333) (layer Dwgs.User)
      (effects (font (size 0.5 0.5) (thickness 0.075)))
    )
    (pad 1 smd rect (at -5.54 0) (size 1.846667 3.48) (layers F.Cu F.Paste F.Mask)
      (net 55 "Net-(J2-Pad1)"))
    (pad 2 smd rect (at -2.77 0) (size 1.846667 3.48) (layers F.Cu F.Paste F.Mask)
      (net 16 "Net-(J2-Pad2)"))
    (pad 3 smd rect (at 0 0) (size 1.846667 3.48) (layers F.Cu F.Paste F.Mask)
      (net 17 "Net-(J2-Pad3)"))
    (pad 4 smd rect (at 2.77 0) (size 1.846667 3.48) (layers F.Cu F.Paste F.Mask)
      (net 18 "Net-(J2-Pad4)"))
    (pad 5 smd rect (at 5.54 0) (size 1.846667 3.48) (layers F.Cu F.Paste F.Mask)
